# S known bots
(cf.client.bot) or (http.user_agent contains "letsencrypt" and http.request.uri.path contains "acme-challenge")

# MC large csp
#   7224    : AMAZON-AS
#   14618   : AMAZON-AES
#   16509   : AMAZON-02
#   8075    : MICROSOFT-CORP-MSN-AS-BLOCK
#   15169   : GOOGLE
#   396982  : GOOGLE-CLOUD-PLATFORM
#   37963   : ALIBABA-CN-NET
#   45102   : ALIBABA-CN-NET
#   31898   : ORACLE-BMC-31898
#   14340   : SALESFORCE
#   36351   : SOFTLAYER
#   45090   : TENCENT-NET-AP
#   132203  : TENCENT-NET-AP-CN
#   55990   : HWCSNET
#   136907  : HWCLOUDS-AS-AP
#   14061   : DIGITALOCEAN-ASN
(ip.src.asnum in {7224 14618 16509 8075 15169 396982 37963 45102 31898 14340 36351 45090 132203 55990 136907 14061})

# MC risk asn (https://github.com/O-X-L/risk-db)
(ip.src.asnum in {559 834 906 917 924 965 971 984 1002 1101 1836 2285 2500 3223 3236 4851 5626 6597 6698 6724 6939 7040 7162 7203 7488 7489 7506 7628 7720 7979 8075 8100 8283 8369 8477 8560 8860 8972 9009 9028 9063 9087 9115 9123 9186 9287 9294 9318 9335 9381 9430 9465 9583 9678 9952 10439 10929 11320 11426 11504 11767 11878 11989 12025 12342 12389 12417 12462 12488 12552 12555 12586 12601 12637 12695 12722 12731 12824 12876 12989 13030 13188 13213 13335 13378 13645 13737 13739 13768 13830 13845 14061 14230 14315 14576 14586 14618 14670 14713 14956 14987 15162 15169 15395 15440 15510 15589 15598 15703 15830 15919 16003 16045 16125 16276 16417 16509 16554 16611 17077 17426 17476 17561 17621 17762 17881 18229 18345 18501 18779 19089 19148 19186 19318 19377 19437 19527 19853 19871 19905 19969 19994 20068 20454 20473 20738 20773 20857 20860 20988 21069 21130 21162 21217 21315 21367 21472 21499 21501 21581 21859 21980 22295 22302 22363 22369 22439 22552 22611 22612 22772 23033 23273 23352 23470 23576 23881 23899 24376 24429 24586 24611 24785 24866 24940 24958 24961 25098 25108 25184 25198 25211 25369 25532 25577 25697 25780 25846 25893 25960 26091 26277 26347 26356 26481 26496 26548 26616 26666 26863 26967 27176 27229 27357 27411 27589 27597 27640 27823 28099 28110 28195 28239 28271 28299 28333 28666 28747 28753 28914 29066 29075 29097 29262 29278 29302 29534 29535 29691 29713 29789 29802 29838 30058 30277 30447 30455 30456 30633 30688 30823 30849 30860 30893 30997 31034 31103 31472 31581 31590 31673 31898 32002 32097 32475 32613 32668 32748 32751 32780 32875 33028 33070 33182 33185 33335 33480 33724 33930 33970 33993 34011 34081 34499 34534 34606 34665 34689 34762 34788 34959 34989 35042 35048 35112 35278 35295 35369 35487 35506 35540 35575 35624 35729 35766 35779 35830 36114 36183 36218 36231 36321 36326 36352 36454 36536 36666 36744 37100 37273 37352 37504 37611 37647 37671 37738 37907 37963 38060 38107 38283 38365 38513 38719 38767 38955 38983 39122 39326 39345 39364 39368 39458 39486 39519 39566 39572 39591 39615 39618 39647 39704 39783 39798 39832 39845 39931 40021 40065 40092 40281 40676 40861 40866 40980 41012 41111 41281 41427 41436 41535 41541 41564 41608 41634 41635 41655 41766 41828 41993 42093 42244 42263 42346 42390 42473 42567 42612 42624 42675 42708 42821 42831 43037 43268 43289 43350 43362 43366 43444 43541 43578 43588 43641 43647 43927 44051 44066 44094 44144 44222 44259 44382 44444 44476 44477 44559 44592 44716 44788 44812 44820 44901 45090 45102 45179 45187 45352 45382 45671 45753 45903 45974 46015 46261 46475 46505 46516 46562 46573 46606 46652 46785 46829 46844 46918 47147 47172 47242 47263 47272 47376 47381 47516 47521 47544 47583 47585 47600 47815 47869 47890 48014 48018 48031 48070 48090 48096 48282 48399 48693 48716 48721 48753 48823 48825 48874 48894 48896 48988 49232 49434 49453 49468 49485 49493 49505 49515 49532 49544 49581 49635 49693 49720 49791 49815 49870 50131 50166 50245 50321 50338 50340 50463 50599 50613 50673 50719 50837 50867 50926 51013 51026 51115 51159 51167 51219 51247 51248 51264 51265 51290 51395 51396 51430 51468 51713 51765 51783 51852 52000 52030 52048 52053 52063 52270 52284 52335 52423 52469 52925 53055 53057 53221 53231 53356})
(ip.src.asnum in {53587 53589 53667 53766 53850 54113 54142 54155 54290 54527 54538 54548 54555 54574 54641 54723 54994 55154 55195 55264 55285 55286 55293 55688 55933 55960 55990 56005 56038 56067 56150 56153 56309 56322 56382 56410 56485 56504 56655 56864 56898 56971 56987 57025 57043 57286 57317 57494 57568 57578 57619 57624 57752 57814 57844 57852 57858 57907 57913 58065 58087 58269 58294 58329 58381 58461 58466 58477 58519 58542 58589 58593 58683 58854 58923 58940 59019 59187 59211 59253 59441 59642 59684 59711 59851 59895 60064 60068 60117 60223 60404 60439 60446 60567 60602 60647 60721 60729 60781 60798 60991 61098 61102 61106 61111 61112 61138 61157 61207 61251 61272 61317 61365 61400 61424 61493 61610 62000 62005 62082 62097 62160 62164 62214 62227 62240 62371 62390 62560 62563 62633 62731 62744 62838 62904 62994 63023 63150 63199 63252 63473 63631 63737 63765 63949 63959 64010 64111 64200 64236 64425 64439 64457 131149 131199 131256 131303 131353 131378 131628 131642 131921 131965 132083 132139 132203 132280 132300 132717 132779 132813 132839 132892 133070 133118 133120 133180 133199 133296 133380 133398 133499 133643 133752 133774 133848 133861 133993 134094 134166 134176 134340 134351 134366 134450 134494 134596 134737 134768 134823 134824 134926 134963 135161 135207 135343 135373 135375 135377 135392 135402 135437 135450 135542 135566 135629 135636 135659 135682 135685 135691 135765 135813 135822 135905 135918 135920 135921 135932 136052 136170 136171 136258 136396 136477 136510 136557 136565 136582 136787 136897 136907 136970 136988 136993 137035 137280 137286 137331 137409 137517 137643 137785 137816 137823 138069 138074 138152 138195 138244 138362 138407 138545 138608 138868 138915 138997 139016 139080 139136 139220 139341 139580 139659 139812 139923 140227 140292 140389 140403 140443 140791 140815 140885 140941 140947 141004 141039 141201 141892 141947 141968 141995 142002 142036 142113 142267 142299 142403 142565 146888 146943 146996 147049 147186 147237 148974 148981 148993 149022 149042 149089 149118 149130 149364 149391 149457 149485 149545 149573 149600 149621 149641 149662 149674 149705 150024 150315 150393 150407 150623 150694 150828 150862 150872 150873 151106 151206 151335 151368 151386 151406 151474 151487 151592 151612 151704 151817 151873 151938 152129 152194 152320 152339 152390 152460 152485 152611 152705 152718 152933 152945 153164 153221 153257 153367 153385 153393 153416 153517 153523 153531 153587 153787 153996 154109 196645 197071 197226 197352 197395 197414 197432 197450 197477 197537 197540 197549 197648 197649 197715 197726 197795 197922 198020 198089 198093 198432 198584 198605 198831 198953 198968 198983 198985 198990 199152 199205 199218 199274 199393 199404 199414 199415 199487 199524 199660 199695 199727 199785 199883 199959 200000 200019 200044 200052 200088 200136 200147 200185 200187 200195 200223 200239 200350 200373 200435 200525 200547 200548 200628 200636 200651 200698 200740 200858 200904 200979 200999 201079 201086 201106 201112 201200 201217 201409 201446 201449 201525 201579 201670 201702 201814 201949 201962 201983 201995 201999 202015 202048 202053 202054 202104 202293 202297 202306 202319 202364 202401 202422 202425})
(ip.src.asnum in {202448 202602 202635 202656 202661 202736 202786 202913 202954 202958 202984 203020 203050 203201 203223 203329 203391 203446 203476 203557 203758 203808 203999 204104 204108 204154 204196 204287 204300 204415 204576 204641 204770 204800 204818 204914 204916 204928 204932 204997 205007 205016 205021 205081 205089 205090 205100 205388 205399 205544 205676 205733 205952 206030 206092 206216 206224 206264 206275 206281 206286 206446 206522 206589 206728 206804 206805 206932 206934 206971 206996 207083 207137 207143 207252 207279 207326 207333 207350 207451 207513 207560 207569 207590 207685 207718 207728 207758 207769 207847 207934 207957 207990 208131 208152 208191 208208 208220 208323 208332 208450 208453 208457 208677 208795 208800 208843 209045 209103 209132 209155 209186 209242 209243 209279 209341 209474 209588 209605 209628 209693 209723 209805 209847 210064 210110 210226 210281 210329 210356 210369 210388 210456 210488 210538 210554 210558 210574 210579 210630 210636 210644 210656 210718 210734 210767 210848 210966 211011 211066 211126 211138 211277 211298 211301 211360 211607 211611 211748 211786 211804 211826 211857 211895 211947 212000 212027 212174 212219 212238 212271 212314 212317 212396 212441 212477 212508 212531 212544 212653 212701 212853 212872 213035 213122 213183 213200 213220 213230 213252 213282 213291 213314 213323 213354 213385 213394 213488 213570 213574 213644 213646 213665 213683 213693 213738 213780 213787 213791 213799 213807 213873 213877 213896 213941 214036 214043 214062 214063 214079 214138 214159 214169 214209 214238 214259 214295 214305 214311 214340 214382 214419 214438 214456 214461 214478 214503 214557 214574 214577 214640 214663 214668 214677 214708 214738 214762 214789 214882 214915 214918 214927 214940 214943 214961 215013 215052 215096 215114 215117 215184 215224 215269 215272 215292 215311 215339 215346 215370 215375 215376 215381 215413 215437 215439 215476 215540 215560 215659 215671 215672 215680 215691 215693 215703 215826 215859 215865 215904 215925 215939 216030 216032 216054 216071 216127 216139 216154 216169 216180 216193 216221 216246 216334 216344 216347 216383 216392 216395 216431 262415 262448 262688 262790 262954 262978 262990 263237 263511 263735 263829 264555 264617 264689 265552 265645 265919 266795 266878 266886 266927 267212 267241 267637 267679 267784 268208 268581 269038 269070 269098 269353 270238 270251 270353 270564 270622 270711 270764 270824 270931 271052 271321 271885 272119 272547 272696 272697 272786 272996 327980 328037 328329 328364 328426 328608 328631 328699 328853 328884 328970 328989 329166 329184 329206 329270 329272 329278 329394 329403 329562 329580 393336 393960 394177 394233 394353 394380 394738 394760 394896 395092 395111 395475 395839 395881 395954 396073 396158 396190 396319 396356 396507 396949 396982 396986 397006 397032 397086 397368 397423 398090 398101 398256 398324 398395 398432 398465 398705 398722 398779 398826 398986 398991 399077 399244 399296 399471 399486 399532 399804 399820 399979 400175 400298 400402 400469 400587 400596 400618 400619 400716 400810 400860 400897 400899 400916 400998 401075 401116 401120 401152 401172 401304 401404 401477 401619 401665 401696})

# MC country
(not ip.src.country in {""})
